"fish"
2.875
2.875
2.875
2.875
2.875
2.875
3.125
3.125
3.125
3.125
3.125
3.125
3.125
3.375
3.375
3.375
3.375
3.375
3.375
3.375
3.375
3.375
3.625
3.625
3.625
3.875
3.875
3.875
4.125
4.125
4.125
4.125
4.375
4.375
4.375
4.375
4.375
4.375
4.625
4.625
4.625
4.625
4.625
4.625
4.625
4.625
4.625
4.625
4.625
4.875
4.875
4.875
4.875
4.875
4.875
4.875
4.875
4.875
4.875
4.875
4.875
4.875
4.875
4.875
4.875
4.875
4.875
4.875
4.875
4.875
4.875
4.875
4.875
4.875
4.875
5.125
5.125
5.125
5.125
5.125
5.125
5.125
5.125
5.125
5.125
5.125
5.125
5.125
5.125
5.125
5.125
5.125
5.125
5.125
5.125
5.125
5.125
5.125
5.125
5.375
5.375
5.375
5.375
5.375
5.375
5.375
5.375
5.375
5.375
5.375
5.375
5.375
5.375
5.375
5.375
5.375
5.625
5.625
5.625
5.625
5.625
5.625
5.625
5.625
5.625
5.625
5.625
5.625
5.625
5.625
5.625
5.625
5.625
5.875
5.875
5.875
5.875
5.875
5.875
5.875
5.875
5.875
5.875
5.875
5.875
5.875
5.875
6.125
6.125
6.125
6.125
6.125
6.125
6.125
6.125
6.125
6.125
6.125
6.375
6.375
6.375
6.375
6.375
6.375
6.375
6.375
6.625
6.625
6.625
6.625
6.875
6.875
6.875
6.875
6.875
6.875
6.875
7.125
7.125
7.125
7.125
7.125
7.125
7.125
7.125
7.125
7.125
7.125
7.375
7.375
7.375
7.375
7.375
7.375
7.375
7.375
7.375
7.375
7.375
7.625
7.625
7.625
7.625
7.625
7.625
7.625
7.625
7.625
7.625
7.625
7.875
7.875
7.875
7.875
7.875
7.875
7.875
7.875
7.875
8.125
8.125
8.125
8.125
8.125
8.125
8.375
8.375
8.375
8.375
8.625
8.625
8.625
8.875
8.875
8.875
9.125
9.125
9.375
9.375
9.625
9.625
9.625
9.625
9.875
9.875
9.875
10.125
10.125
10.375
10.375
10.625
10.875
11.375
11.875
12.375
12.625
